total_mse: 1411.9157198643268
mse/prot: 11.295325758914615
91 : 9.9009155635082e-08,0.45309645694601225,1.781651627370095,1.7216416374087982,0.7479775268324688,0.7819130219219003,0.14214066024116345